$ 1 0.000005 21.593987231061412 63 5 50 5e-11
R 528 80 528 32 0 0 40 5 0 0 0.5
w 688 80 688 112 0
t 400 304 384 304 0 1 -5.794455060798149 -2.952721875625364 100 default
t 672 304 688 304 0 1 0.585751915570181 0.6361951089001947 100 default
r 688 112 688 160 0 1000
w 384 80 384 112 0
r 384 112 384 160 0 1000
w 688 160 688 192 0
162 688 192 688 224 2 default-led 1 0 0 0.01
w 384 160 384 192 0
162 384 192 384 224 2 default-led 1 0 0 0.01
w 384 224 384 240 0
w 688 224 688 256 0
w 384 240 384 256 0
w 384 256 384 288 0
w 688 256 688 288 0
w 384 256 480 256 0
w 688 256 592 256 0
c 592 256 576 256 0 4.7000000000000005e-7 3.003165068955378 0.001
c 480 256 496 256 0 4.7000000000000005e-7 2.20553807627259 0.001
w 496 256 560 304 0
w 528 80 640 80 0
w 560 304 640 304 0
w 640 304 672 304 0
w 640 80 688 80 0
r 640 80 640 160 0 47000
w 640 160 640 304 0
w 576 256 512 304 0
w 512 304 432 304 0
w 400 304 432 304 0
w 384 80 432 80 0
r 432 80 432 160 0 47000
w 432 160 432 304 0
w 432 80 528 80 0
w 384 320 384 352 0
w 688 320 688 352 0
w 384 352 528 352 0
w 688 352 528 352 0
g 528 352 528 384 0 0
o 8 64 0 4099 5 0.0125 0 2 8 3
o 10 64 0 4099 5 0.00625 1 2 10 3
